
HEAD - 239972 
HEAD - 239972 
R3_2_maintenance - 216569 
66898 - Improve tests 
70598 
70598 
68726 (3.1) 
68726 
68017, 68025, 68087, 69272, 69275, 69302 
68017, 68025, 68087, 69272, 69275, 69302 
68017, 68025, 68087, 69272, 69275, 69302 
68017, 68025, 68087, 69272, 69275, 69302 
68017, 68025, 68087, 69272, 69275, 69302 
68017, 68025, 68087, 69272, 69275, 69302 
68017, 69302 
68017, 69302 
68017, 68025, 68087, 69272, 69275, 69302 
68017, 68025, 68087, 69272, 69275, 69302 
68017, 68025, 68087, 69272, 69275, 69302 
68017, 68025, 68087, 69272, 69275, 69302 
68017, 68025, 68087, 69272, 69275, 69302 
68017, 68025, 68087, 69272, 69275, 69302 
68017, 69302 
68017, 69302 
68772 
68772 
66898 (complete workaround) 
66898 (remove empty folder) 
66898 
[70364] Adapt test cases to JDT/Core fix 68017 in 3.0.1 branch 